  64 100
           0           0           0           0           0           0           0
           0           0           0           0           0           0           0
           0           0           0           0           0           0           0
           0           0           0           0 -0.00548143  -0.0164443  -0.0306735
  -0.0582901   -0.104973   -0.166148   -0.253373   -0.366158   -0.484957    -0.62362
    -0.79187   -0.969744    -1.14995    -1.31523    -1.43111    -1.48776    -1.49357
    -1.44613    -1.36103    -1.25889    -1.12403   -0.955783   -0.772428   -0.581258
   -0.401754   -0.258251   -0.154924  -0.0879362  -0.0481553  -0.0204622 -0.00211234
           0           0           0           0           0           0           0
           0           0           0           0           0           0           0
           0           0           0           0           0           0           0
           0           0           0           0           0           0           0
           0           0           0           0           0           0           0
           0           0           0           0           0           0           0
           0           0

           0           0           0           0           0           0           0
           0           0           0           0           0           0           0
           0           0           0           0           0           0           0
           0           0           0           0 -0.00211234 -0.00633701  -0.0136773
  -0.0314246  -0.0638645    -0.10602   -0.154899   -0.216303   -0.317534   -0.462679
   -0.610303   -0.735516   -0.824811   -0.877953   -0.907666   -0.917813   -0.901556
    -0.86236     -0.8092   -0.713203   -0.569298   -0.421674   -0.294349    -0.20083
   -0.140347  -0.0928871  -0.0503002  -0.0244014  -0.0147179 -0.00647472 -0.00542575
           0           0           0           0           0           0           0
           0           0           0           0           0           0           0
           0           0           0           0           0           0           0
           0           0           0           0           0           0           0
           0           0           0           0           0           0           0
           0           0           0           0           0           0           0
           0           0

           0           0           0           0           0           0           0
           0           0           0           0           0           0           0
           0           0           0           0           0           0           0
           0           0           0           0 -0.00542575  -0.0162772  -0.0302907
  -0.0574525   -0.103881   -0.166425   -0.256458   -0.372112   -0.496382   -0.642521
   -0.816465   -0.999214    -1.18265    -1.34868    -1.46431    -1.52002    -1.52287
    -1.47098    -1.38196     -1.2737     -1.1312   -0.957257   -0.769083   -0.574792
   -0.394751   -0.251961   -0.149822  -0.0844253  -0.0462798  -0.0196543 -0.00461653
           0           0           0           0           0           0           0
           0           0           0           0           0           0           0
           0           0           0           0           0           0           0
           0           0           0           0           0           0           0
           0           0           0           0           0           0           0
           0           0           0           0           0           0           0
           0           0

           0           0           0           0           0           0           0
           0           0           0           0           0           0           0
           0           0           0           0           0           0           0
           0           0           0           0 -0.00461653  -0.0138496  -0.0250976
  -0.0450217  -0.0781139   -0.124118   -0.190563   -0.270596   -0.347351   -0.433078
   -0.541518   -0.663838   -0.794664   -0.918456    -1.00685    -1.04916    -1.05044
    -1.01246   -0.951998   -0.887249    -0.80446    -0.69602   -0.569083   -0.429025
   -0.293985   -0.185662   -0.110263  -0.0629771  -0.0345096   -0.014944 -0.00287589
           0           0           0           0           0           0           0
           0           0           0           0           0           0           0
           0           0           0           0           0           0           0
           0           0           0           0           0           0           0
           0           0           0           0           0           0           0
           0           0           0           0           0           0           0
           0           0

           0           0           0           0           0           0           0
           0           0           0           0           0           0           0
           0           0           0           0           0           0           0
           0           0           0           0 -0.00287589 -0.00862766  -0.0141784
  -0.0199276  -0.0265389  -0.0372102   -0.054208  -0.0643989  -0.0517395  -0.0267599
  -0.0139488  -0.0207405  -0.0475761  -0.0860556   -0.119624   -0.136536   -0.138568
   -0.131518   -0.127536   -0.144545   -0.171043   -0.183854   -0.174186   -0.141599
  -0.0975688  -0.0582513  -0.0347281  -0.0220249  -0.0120768 -0.00586751 -0.00156297
           0           0           0           0           0           0           0
           0           0           0           0           0           0           0
           0           0           0           0           0           0           0
           0           0           0           0           0           0           0
           0           0           0           0           0           0           0
           0           0           0           0           0           0           0
           0           0

           0           0           0           0           0           0           0
           0           0           0           0           0           0           0
           0           0           0           0           0           0           0
           0           0           0           0 -0.00156297 -0.00468892  -0.0061803
 -0.00261961  0.00754862   0.0192951   0.0323746   0.0623413    0.122746    0.204754
    0.282638    0.341029    0.376259    0.391454    0.392902    0.391722    0.389224
    0.378524    0.350872    0.291162    0.208748    0.130864   0.0740361   0.0419326
   0.0282287   0.0232196   0.0142312  0.00498344  0.00260342 0.000288921 -0.00457012
           0           0           0           0           0           0           0
           0           0           0           0           0           0           0
           0           0           0           0           0           0           0
           0           0           0           0           0           0           0
           0           0           0           0           0           0           0
           0           0           0           0           0           0           0
           0           0

           0           0           0           0           0           0           0
           0           0           0           0           0           0           0
           0           0           0           0           0           0           0
           0           0           0           0 -0.00457012  -0.0137104  -0.0248089
  -0.0442352  -0.0754786   -0.116427   -0.174382   -0.244322   -0.305511   -0.370854
   -0.461244   -0.567283   -0.684991   -0.800621   -0.884208   -0.924813   -0.930254
   -0.901718   -0.851642   -0.802717   -0.740481   -0.650092   -0.539483   -0.412635
   -0.285906   -0.182893   -0.111044  -0.0646545  -0.0352358  -0.0153712 -0.00224856
           0           0           0           0           0           0           0
           0           0           0           0           0           0           0
           0           0           0           0           0           0           0
           0           0           0           0           0           0           0
           0           0           0           0           0           0           0
           0           0           0           0           0           0           0
           0           0

           0           0           0           0           0           0           0
           0           0           0           0           0           0           0
           0           0           0           0           0           0           0
           0           0           0           0 -0.00224856 -0.00674569  -0.0101615
  -0.0108121 -0.00780044 -0.00453143 -0.00211162   0.0127719   0.0572525    0.121538
    0.176039    0.209603    0.219761    0.211774    0.198395    0.190886    0.186551
    0.179592    0.162762    0.116341   0.0509144 -0.00358613  -0.0349013  -0.0405628
  -0.0291598    -0.01513   -0.010633 -0.00956711 -0.00502813 -0.00308122  -0.0011476
           0           0           0           0           0           0           0
           0           0           0           0           0           0           0
           0           0           0           0           0           0           0
           0           0           0           0           0           0           0
           0           0           0           0           0           0           0
           0           0           0           0           0           0           0
           0           0

           0           0           0           0           0           0           0
           0           0           0           0           0           0           0
           0           0           0           0           0           0           0
           0           0           0           0  -0.0011476  -0.0034428  -0.0035858
  0.00295032   0.0183798   0.0373589   0.0599645    0.101703    0.175997    0.274768
    0.371403     0.44866    0.501819    0.532434    0.544005    0.547106    0.543442
    0.526423     0.48936    0.417164    0.318288    0.221653    0.145543   0.0946799
   0.0642079   0.0461008   0.0275698   0.0122555  0.00666832  0.00199307 -0.00588598
           0           0           0           0           0           0           0
           0           0           0           0           0           0           0
           0           0           0           0           0           0           0
           0           0           0           0           0           0           0
           0           0           0           0           0           0           0
           0           0           0           0           0           0           0
           0           0

           0           0           0           0           0           0           0
           0           0           0           0           0           0           0
           0           0           0           0           0           0           0
           0           0           0           0 -0.00588598  -0.0176579  -0.0334182
  -0.0648756   -0.117925   -0.184838   -0.278353   -0.401791   -0.531046   -0.680565
   -0.864148    -1.05704    -1.25242    -1.43341    -1.56125    -1.62565    -1.63651
    -1.58975    -1.49907    -1.38937    -1.24418     -1.0606   -0.861821   -0.654668
    -0.45792   -0.298622   -0.181174   -0.103394  -0.0566414  -0.0238848 -0.00478724
           0           0           0           0           0           0           0
           0           0           0           0           0           0           0
           0           0           0           0           0           0           0
           0           0           0           0           0           0           0
           0           0           0           0           0           0           0
           0           0           0           0           0           0           0
           0           0

           0           0           0           0           0           0           0
           0           0           0           0           0           0           0
           0           0           0           0           0           0           0
           0           0           0           0 -0.00478724  -0.0143617  -0.0262799
  -0.0474766  -0.0808461   -0.121877   -0.177796    -0.24656   -0.299768   -0.350839
   -0.433539   -0.532526   -0.643464   -0.756661   -0.839739    -0.88178   -0.892424
   -0.871704    -0.82657   -0.787893   -0.740493   -0.657792   -0.554018   -0.433506
    -0.30839   -0.204116   -0.128706  -0.0770306  -0.0418316  -0.0182009 -0.00269539
           0           0           0           0           0           0           0
           0           0           0           0           0           0           0
           0           0           0           0           0           0           0
           0           0           0           0           0           0           0
           0           0           0           0           0           0           0
           0           0           0           0           0           0           0
           0           0

           0           0           0           0           0           0           0
           0           0           0           0           0           0           0
           0           0           0           0           0           0           0
           0           0           0           0 -0.00269539 -0.00808618  -0.0125839
  -0.0153574  -0.0154293  -0.0148696  -0.0152129 -0.00555703   0.0367602    0.101511
    0.149983    0.176027    0.179157       0.164    0.147457    0.139906    0.133244
    0.123285    0.108586   0.0622819 -0.00434458  -0.0528161  -0.0761646  -0.0739038
   -0.054249  -0.0349331  -0.0273098  -0.0212076  -0.0109051  -0.0058624 -0.00127405
           0           0           0           0           0           0           0
           0           0           0           0           0           0           0
           0           0           0           0           0           0           0
           0           0           0           0           0           0           0
           0           0           0           0           0           0           0
           0           0           0           0           0           0           0
           0           0

           0           0           0           0           0           0           0
           0           0           0           0           0           0           0
           0           0           0           0           0           0           0
           0           0           0           0 -0.00127405 -0.00382214 -0.00407741
  0.00241004    0.017969   0.0375859   0.0610946    0.103025    0.178917    0.280927
    0.379127    0.457042    0.510113    0.539803    0.550873     0.55356     0.54777
    0.527939     0.48985    0.415457    0.313062    0.214862    0.138221   0.0876983
    0.058263   0.0407061   0.0224603  0.00863325  0.00495575   0.0011137 -0.00619049
           0           0           0           0           0           0           0
           0           0           0           0           0           0           0
           0           0           0           0           0           0           0
           0           0           0           0           0           0           0
           0           0           0           0           0           0           0
           0           0           0           0           0           0           0
           0           0

           0           0           0           0           0           0           0
           0           0           0           0           0           0           0
           0           0           0           0           0           0           0
           0           0           0           0 -0.00619049  -0.0185715  -0.0357813
  -0.0706579   -0.128687   -0.197918   -0.290297   -0.413848   -0.534196   -0.664103
   -0.832591    -1.01028    -1.19316    -1.37011    -1.49985    -1.57053    -1.59008
    -1.55327     -1.4689    -1.37179    -1.24691    -1.07842   -0.894542   -0.699279
   -0.505117   -0.340502   -0.211791   -0.123011  -0.0674376  -0.0282636 -0.00373976
           0           0           0           0           0           0           0
           0           0           0           0           0           0           0
           0           0           0           0           0           0           0
           0           0           0           0           0           0           0
           0           0           0           0           0           0           0
           0           0           0           0           0           0           0
           0           0

           0           0           0           0           0           0           0
           0           0           0           0           0           0           0
           0           0           0           0           0           0           0
           0           0           0           0 -0.00373976  -0.0112193  -0.0192247
   -0.030242  -0.0444619  -0.0625199   -0.089854   -0.120108   -0.118598  -0.0960304
   -0.105925    -0.13537   -0.175828    -0.22681   -0.265825   -0.284729   -0.294116
   -0.293353   -0.279427   -0.291572   -0.317458   -0.307564   -0.274378   -0.226441
   -0.167453   -0.117422  -0.0842975  -0.0568525  -0.0302815  -0.0139533 -0.00134836
           0           0           0           0           0           0           0
           0           0           0           0           0           0           0
           0           0           0           0           0           0           0
           0           0           0           0           0           0           0
           0           0           0           0           0           0           0
           0           0           0           0           0           0           0
           0           0

           0           0           0           0           0           0           0
           0           0           0           0           0           0           0
           0           0           0           0           0           0           0
           0           0           0           0 -0.00134836 -0.00404509 -0.00405056
  0.00334453   0.0207656   0.0430467   0.0694685     0.11334    0.193532    0.303182
    0.406871    0.489242    0.546642    0.579688    0.593466    0.597146    0.588226
    0.563115    0.522155    0.442737    0.332314    0.228624    0.147602   0.0928982
   0.0598585   0.0386853   0.0175841  0.00422247  0.00291211  3.5801e-07 -0.00745108
           0           0           0           0           0           0           0
           0           0           0           0           0           0           0
           0           0           0           0           0           0           0
           0           0           0           0           0           0           0
           0           0           0           0           0           0           0
           0           0           0           0           0           0           0
           0           0

           0           0           0           0           0           0           0
           0           0           0           0           0           0           0
           0           0           0           0           0           0           0
           0           0           0           0 -0.00745108  -0.0223532   -0.043954
  -0.0909345   -0.171832   -0.268275   -0.399673    -0.58383   -0.792823    -1.04168
    -1.33151    -1.62202    -1.90502     -2.1596    -2.33742    -2.42822    -2.44921
    -2.38753    -2.25318     -2.0734    -1.83055    -1.54073    -1.24276   -0.944861
   -0.668681   -0.443878   -0.272189   -0.154754  -0.0850321  -0.0352308 -0.00745094
           0           0           0           0           0           0           0
           0           0           0           0           0           0           0
           0           0           0           0           0           0           0
           0           0           0           0           0           0           0
           0           0           0           0           0           0           0
           0           0           0           0           0           0           0
           0           0

           0           0           0           0           0           0           0
           0           0           0           0           0           0           0
           0           0           0           0           0           0           0
           0           0           0           0 -0.00745094  -0.0223528  -0.0447659
  -0.0931994   -0.175113   -0.266923    -0.38252    -0.54545   -0.711514   -0.883524
    -1.08982    -1.29914    -1.51444    -1.72577    -1.88336    -1.97284    -2.00501
    -1.96721    -1.86023    -1.72689    -1.56148    -1.35518    -1.13841   -0.908211
   -0.674472    -0.46844   -0.297051   -0.173073  -0.0952738  -0.0393249 -0.00605229
           0           0           0           0           0           0           0
           0           0           0           0           0           0           0
           0           0           0           0           0           0           0
           0           0           0           0           0           0           0
           0           0           0           0           0           0           0
           0           0           0           0           0           0           0
           0           0

           0           0           0           0           0           0           0
           0           0           0           0           0           0           0
           0           0           0           0           0           0           0
           0           0           0           0 -0.00605229  -0.0181569  -0.0361253
  -0.0726495   -0.131973     -0.2109   -0.330834   -0.500268   -0.650185   -0.777734
   -0.952313     -1.1174    -1.25999    -1.40404    -1.52246    -1.60391    -1.62937
     -1.5795    -1.46015    -1.33975    -1.21837    -1.04379   -0.872645   -0.717956
   -0.555942   -0.400989   -0.260217   -0.155833  -0.0857653  -0.0356812 -0.00326079
           0           0           0           0           0           0           0
           0           0           0           0           0           0           0
           0           0           0           0           0           0           0
           0           0           0           0           0           0           0
           0           0           0           0           0           0           0
           0           0           0           0           0           0           0
           0           0

           0           0           0           0           0           0           0
           0           0           0           0           0           0           0
           0           0           0           0           0           0           0
           0           0           0           0 -0.00326079 -0.00978238  -0.0158088
  -0.0222472  -0.0287452  -0.0472123  -0.0949655   -0.164484   -0.207286   -0.221847
   -0.269567   -0.333993   -0.396439   -0.459478   -0.505123     -0.5318   -0.545348
   -0.530765   -0.482119   -0.452718   -0.442163   -0.394443   -0.326756   -0.257788
   -0.188723    -0.13664   -0.103465    -0.07145  -0.0382792  -0.0174062 -0.00105018
           0           0           0           0           0           0           0
           0           0           0           0           0           0           0
           0           0           0           0           0           0           0
           0           0           0           0           0           0           0
           0           0           0           0           0           0           0
           0           0           0           0           0           0           0
           0           0

           0           0           0           0           0           0           0
           0           0           0           0           0           0           0
           0           0           0           0           0           0           0
           0           0           0           0 -0.00105018 -0.00315055 -0.00113602
   0.0110916   0.0364739   0.0665055    0.096649     0.13805    0.216044    0.329228
    0.435369    0.519975    0.582199    0.620853    0.637526    0.637641    0.618854
    0.584791    0.543309    0.464156     0.34955    0.243409    0.159853   0.0997296
   0.0590603   0.0301605  0.00466244 -0.00658201 -0.00266225 -0.00258056 -6.96543e-05
           0           0           0           0           0           0           0
           0           0           0           0           0           0           0
           0           0           0           0           0           0           0
           0           0           0           0           0           0           0
           0           0           0           0           0           0           0
           0           0           0           0           0           0           0
           0           0

           0           0           0           0           0           0           0
           0           0           0           0           0           0           0
           0           0           0           0           0           0           0
           0           0           0           0 -6.96543e-05 -0.000208963  0.00412763
   0.0208067   0.0534535   0.0941857    0.141664    0.209325    0.313892    0.452709
    0.593988     0.71572    0.811161    0.877911    0.911447    0.918927    0.903491
     0.86428     0.80408    0.703165    0.564382    0.423103    0.301441     0.20614
    0.135052   0.0848377   0.0447109   0.0194142   0.0111476  0.00368613 0.000413337
           0           0           0           0           0           0           0
           0           0           0           0           0           0           0
           0           0           0           0           0           0           0
           0           0           0           0           0           0           0
           0           0           0           0           0           0           0
           0           0           0           0           0           0           0
           0           0

           0           0           0           0           0           0           0
           0           0           0           0           0           0           0
           0           0           0           0           0           0           0
           0           0           0           0 0.000413337  0.00124001  0.00614426
   0.0233481   0.0566789   0.0988477    0.150218     0.22591    0.337762    0.481614
    0.631734    0.764178    0.870455    0.947486    0.988237     1.00083    0.991307
    0.955327    0.891176    0.785693    0.642833    0.492713    0.359856    0.252752
    0.170817    0.112862   0.0669335   0.0342929   0.0189021   0.0073605  -0.0070824
           0           0           0           0           0           0           0
           0           0           0           0           0           0           0
           0           0           0           0           0           0           0
           0           0           0           0           0           0           0
           0           0           0           0           0           0           0
           0           0           0           0           0           0           0
           0           0

           0           0           0           0           0           0           0
           0           0           0           0           0           0           0
           0           0           0           0           0           0           0
           0           0           0           0  -0.0070824  -0.0212472  -0.0423896
   -0.090637   -0.176217   -0.280062   -0.421081    -0.62313   -0.875294    -1.19381
    -1.55019    -1.88872     -2.1883    -2.43431    -2.60085    -2.68109    -2.69454
    -2.62432    -2.47277    -2.25047    -1.93835    -1.58197    -1.23635   -0.922605
   -0.655451   -0.440671   -0.274844   -0.157551  -0.0867479  -0.0362485 -0.00728632
           0           0           0           0           0           0           0
           0           0           0           0           0           0           0
           0           0           0           0           0           0           0
           0           0           0           0           0           0           0
           0           0           0           0           0           0           0
           0           0           0           0           0           0           0
           0           0

           0           0           0           0           0           0           0
           0           0           0           0           0           0           0
           0           0           0           0           0           0           0
           0           0           0           0 -0.00728632   -0.021859  -0.0454387
   -0.100381   -0.197635   -0.303517   -0.427569   -0.620745   -0.856259    -1.11356
    -1.38678    -1.65918    -1.90901     -2.1137    -2.24441    -2.29506     -2.3184
    -2.28895    -2.16332    -1.96784    -1.71919    -1.44597    -1.16628   -0.901885
   -0.673617   -0.487962   -0.340056   -0.210831   -0.116229  -0.0486862 -0.00427489
           0           0           0           0           0           0           0
           0           0           0           0           0           0           0
           0           0           0           0           0           0           0
           0           0           0           0           0           0           0
           0           0           0           0           0           0           0
           0           0           0           0           0           0           0
           0           0

           0           0           0           0           0           0           0
           0           0           0           0           0           0           0
           0           0           0           0           0           0           0
           0           0           0           0 -0.00427489  -0.0128247  -0.0289147
  -0.0668564   -0.131504   -0.240593   -0.429466   -0.728164    -1.11686    -1.53202
    -1.94367    -2.32671    -2.66168    -2.95146    -3.13898    -3.22827    -3.25246
    -3.16067    -2.93141    -2.58433    -2.17849    -1.76684    -1.37953    -1.03601
   -0.730143   -0.504675    -0.35074   -0.217461   -0.120381  -0.0509384  0.00112768
           0           0           0           0           0           0           0
           0           0           0           0           0           0           0
           0           0           0           0           0           0           0
           0           0           0           0           0           0           0
           0           0           0           0           0           0           0
           0           0           0           0           0           0           0
           0           0

           0           0           0           0           0           0           0
           0           0           0           0           0           0           0
           0           0           0           0           0           0           0
           0           0           0           0  0.00112768  0.00338303   0.0102811
   0.0273184   0.0549802   0.0609711    0.011641  -0.0927243   -0.228652   -0.369331
   -0.508371   -0.641254   -0.772139   -0.898033    -0.99954    -1.08615    -1.14678
    -1.14068    -1.06667   -0.949358   -0.813279   -0.674239   -0.542484   -0.413854
   -0.294857   -0.210388   -0.151437  -0.0967975  -0.0535712   -0.023216  0.00256091
           0           0           0           0           0           0           0
           0           0           0           0           0           0           0
           0           0           0           0           0           0           0
           0           0           0           0           0           0           0
           0           0           0           0           0           0           0
           0           0           0           0           0           0           0
           0           0

           0           0           0           0           0           0           0
           0           0           0           0           0           0           0
           0           0           0           0           0           0           0
           0           0           0           0  0.00256091  0.00768273   0.0207933
   0.0542218    0.111578    0.179304    0.251252     0.33506    0.444252     0.58805
    0.747966    0.894082     1.01093     1.09452     1.13029     1.11831     1.07406
     1.00901    0.930569     0.82443     0.68112    0.521204    0.372527    0.250559
     0.15386   0.0846568   0.0392805   0.0158018  0.00890446  0.00354093  0.00229496
           0           0           0           0           0           0           0
           0           0           0           0           0           0           0
           0           0           0           0           0           0           0
           0           0           0           0           0           0           0
           0           0           0           0           0           0           0
           0           0           0           0           0           0           0
           0           0

           0           0           0           0           0           0           0
           0           0           0           0           0           0           0
           0           0           0           0           0           0           0
           0           0           0           0  0.00229496  0.00688487   0.0175607
   0.0457467    0.095961    0.158457    0.232362    0.330169    0.461326    0.627701
    0.809388    0.976779     1.11646     1.22289     1.28037     1.29248     1.27178
     1.21913     1.13652     1.01442    0.850082    0.668395    0.498709    0.354442
    0.237337    0.151667   0.0893406   0.0475467   0.0262882   0.0110938  0.00118504
           0           0           0           0           0           0           0
           0           0           0           0           0           0           0
           0           0           0           0           0           0           0
           0           0           0           0           0           0           0
           0           0           0           0           0           0           0
           0           0           0           0           0           0           0
           0           0

           0           0           0           0           0           0           0
           0           0           0           0           0           0           0
           0           0           0           0           0           0           0
           0           0           0           0  0.00118504  0.00355512   0.0099132
   0.0294315   0.0663953     0.11317    0.171322    0.257379    0.378553    0.530545
    0.693219    0.840581    0.963293     1.05721     1.11089     1.13192     1.12878
     1.09455     1.02513    0.913663    0.763758    0.601085    0.452537    0.327455
    0.227184    0.153984   0.0959893   0.0523582   0.0284353   0.0117912 -0.00452865
           0           0           0           0           0           0           0
           0           0           0           0           0           0           0
           0           0           0           0           0           0           0
           0           0           0           0           0           0           0
           0           0           0           0           0           0           0
           0           0           0           0           0           0           0
           0           0

           0           0           0           0           0           0           0
           0           0           0           0           0           0           0
           0           0           0           0           0           0           0
           0           0           0           0 -0.00452865   -0.013586  -0.0280913
  -0.0638869   -0.130908   -0.215966   -0.322172   -0.472672   -0.687715   -0.973343
    -1.27746    -1.54802    -1.75922    -1.90949    -2.00619    -2.05039    -2.04822
    -1.99121    -1.87657    -1.68331    -1.40287    -1.09875   -0.823661   -0.603407
   -0.438636   -0.306136   -0.194914    -0.11203  -0.0628358  -0.0269754 -0.00331939
           0           0           0           0           0           0           0
           0           0           0           0           0           0           0
           0           0           0           0           0           0           0
           0           0           0           0           0           0           0
           0           0           0           0           0           0           0
           0           0           0           0           0           0           0
           0           0

           0           0           0           0           0           0           0
           0           0           0           0           0           0           0
           0           0           0           0           0           0           0
           0           0           0           0 -0.00331939 -0.00995818  -0.0229132
  -0.0595851    -0.13509    -0.23333   -0.344576   -0.515517   -0.769607    -1.08204
    -1.40292    -1.69156    -1.91729    -2.07897    -2.18212    -2.22645    -2.23291
    -2.19268    -2.07258    -1.84988    -1.54546    -1.22458    -0.93262   -0.700246
   -0.525616    -0.38579   -0.265958   -0.161254  -0.0902412  -0.0394001  0.00312621
           0           0           0           0           0           0           0
           0           0           0           0           0           0           0
           0           0           0           0           0           0           0
           0           0           0           0           0           0           0
           0           0           0           0           0           0           0
           0           0           0           0           0           0           0
           0           0

           0           0           0           0           0           0           0
           0           0           0           0           0           0           0
           0           0           0           0           0           0           0
           0           0           0           0  0.00312621  0.00937862   0.0114867
  0.00124269  -0.0255293  -0.0553702  -0.0721763   -0.129433   -0.258269   -0.412066
    -0.55261   -0.661651   -0.749288   -0.840033   -0.899852   -0.945684    -1.01605
    -1.07584    -1.07262   -0.978172   -0.833969   -0.693425    -0.58751   -0.506126
   -0.417489   -0.347425   -0.274822   -0.174615  -0.0980237  -0.0439806  0.00880118
           0           0           0           0           0           0           0
           0           0           0           0           0           0           0
           0           0           0           0           0           0           0
           0           0           0           0           0           0           0
           0           0           0           0           0           0           0
           0           0           0           0           0           0           0
           0           0

           0           0           0           0           0           0           0
           0           0           0           0           0           0           0
           0           0           0           0           0           0           0
           0           0           0           0  0.00880118   0.0264035   0.0477244
   0.0817145    0.133289    0.198273    0.278713    0.356971     0.41679    0.482017
    0.576798     0.68998    0.785136    0.847055    0.888562    0.869586      0.7882
    0.693409     0.60624    0.542026    0.476257    0.381477    0.259493    0.146735
   0.0634951  -0.0120017  -0.0446006  -0.0281983  -0.0138476 -0.00493695  0.00673694
           0           0           0           0           0           0           0
           0           0           0           0           0           0           0
           0           0           0           0           0           0           0
           0           0           0           0           0           0           0
           0           0           0           0           0           0           0
           0           0           0           0           0           0           0
           0           0

           0           0           0           0           0           0           0
           0           0           0           0           0           0           0
           0           0           0           0           0           0           0
           0           0           0           0  0.00673694   0.0202108   0.0409006
   0.0832757    0.152894    0.239733    0.343748     0.46844    0.612004    0.786245
    0.990354      1.1914     1.36542     1.50635     1.59274     1.61057     1.57824
     1.50789     1.40674     1.27899     1.10967    0.905561    0.697777     0.51028
    0.348661    0.219899    0.132449   0.0779379   0.0442727   0.0207375  0.00435107
           0           0           0           0           0           0           0
           0           0           0           0           0           0           0
           0           0           0           0           0           0           0
           0           0           0           0           0           0           0
           0           0           0           0           0           0           0
           0           0           0           0           0           0           0
           0           0

           0           0           0           0           0           0           0
           0           0           0           0           0           0           0
           0           0           0           0           0           0           0
           0           0           0           0  0.00435107   0.0130532   0.0280086
   0.0626762    0.122715    0.198898    0.292928    0.417063    0.573527    0.765398
    0.981011     1.18699     1.36666     1.51255      1.6011     1.63153     1.61999
     1.56502     1.46783     1.32833     1.14107    0.925458    0.715124    0.526754
    0.365912    0.242696     0.15222   0.0875806   0.0485223   0.0215791  0.00298043
           0           0           0           0           0           0           0
           0           0           0           0           0           0           0
           0           0           0           0           0           0           0
           0           0           0           0           0           0           0
           0           0           0           0           0           0           0
           0           0           0           0           0           0           0
           0           0

           0           0           0           0           0           0           0
           0           0           0           0           0           0           0
           0           0           0           0           0           0           0
           0           0           0           0  0.00298043  0.00894128   0.0200486
   0.0480536   0.0981972    0.161901    0.241223    0.351228    0.495448    0.673055
     0.86918     1.05333     1.21245      1.3401     1.41698     1.44676     1.44222
     1.39786     1.31184     1.18229      1.0084    0.812279    0.625149    0.460072
    0.321315    0.216426    0.136501   0.0773364   0.0423763   0.0183937  -0.0023551
           0           0           0           0           0           0           0
           0           0           0           0           0           0           0
           0           0           0           0           0           0           0
           0           0           0           0           0           0           0
           0           0           0           0           0           0           0
           0           0           0           0           0           0           0
           0           0

           0           0           0           0           0           0           0
           0           0           0           0           0           0           0
           0           0           0           0           0           0           0
           0           0           0           0  -0.0023551 -0.00706531  -0.0157729
  -0.0389488  -0.0827029   -0.136716   -0.194405   -0.272606   -0.403946   -0.589474
   -0.779449   -0.938823    -1.04994    -1.11511    -1.15144    -1.16536    -1.15359
    -1.11769    -1.05692   -0.936549   -0.753879   -0.563904   -0.402175    -0.28635
   -0.212472   -0.152966  -0.0952862  -0.0530468  -0.0312568  -0.0138286 0.000350976
           0           0           0           0           0           0           0
           0           0           0           0           0           0           0
           0           0           0           0           0           0           0
           0           0           0           0           0           0           0
           0           0           0           0           0           0           0
           0           0           0           0           0           0           0
           0           0

           0           0           0           0           0           0           0
           0           0           0           0           0           0           0
           0           0           0           0           0           0           0
           0           0           0           0 0.000350976  0.00105293 -0.00206965
  -0.0184144  -0.0536529  -0.0928209   -0.114835   -0.149503   -0.243697   -0.385428
   -0.523415   -0.629133   -0.686915   -0.704537   -0.705938   -0.702373   -0.693437
   -0.687161   -0.666113   -0.581265    -0.44273   -0.304742   -0.199375   -0.142295
   -0.121551   -0.103805  -0.0721313  -0.0418998  -0.0261608  -0.0125413  0.00729134
           0           0           0           0           0           0           0
           0           0           0           0           0           0           0
           0           0           0           0           0           0           0
           0           0           0           0           0           0           0
           0           0           0           0           0           0           0
           0           0           0           0           0           0           0
           0           0

           0           0           0           0           0           0           0
           0           0           0           0           0           0           0
           0           0           0           0           0           0           0
           0           0           0           0  0.00729134    0.021874    0.034356
   0.0420646   0.0464632   0.0655846    0.131696    0.208504    0.241196    0.252377
    0.282106    0.339773    0.422871    0.511067    0.584623    0.621449    0.616786
    0.566575    0.502293     0.47556     0.46387    0.434142    0.369184    0.271503
    0.170825   0.0895605   0.0483353   0.0338773   0.0179766  0.00545149   0.0130836
           0           0           0           0           0           0           0
           0           0           0           0           0           0           0
           0           0           0           0           0           0           0
           0           0           0           0           0           0           0
           0           0           0           0           0           0           0
           0           0           0           0           0           0           0
           0           0

           0           0           0           0           0           0           0
           0           0           0           0           0           0           0
           0           0           0           0           0           0           0
           0           0           0           0   0.0130836   0.0392507   0.0678427
    0.109023    0.171908    0.262975    0.402296    0.574977    0.745126     0.92902
     1.15165     1.39277     1.63147     1.85818      2.0449      2.1485     2.17303
     2.12708     2.02993     1.90876     1.73764     1.51502     1.26081    0.995943
    0.740643    0.512741    0.346256    0.230662    0.137289   0.0617539  0.00991147
           0           0           0           0           0           0           0
           0           0           0           0           0           0           0
           0           0           0           0           0           0           0
           0           0           0           0           0           0           0
           0           0           0           0           0           0           0
           0           0           0           0           0           0           0
           0           0

           0           0           0           0           0           0           0
           0           0           0           0           0           0           0
           0           0           0           0           0           0           0
           0           0           0           0  0.00991147   0.0297344   0.0546102
   0.0991482    0.171759    0.268427    0.398085    0.563233    0.748533    0.963323
     1.21497     1.47087     1.70929     1.92395      2.0849      2.1661     2.18024
     2.13102     2.02624     1.88081     1.67759     1.42594     1.16013    0.901887
    0.662345    0.456865    0.303054    0.192246    0.111804   0.0514392  0.00593576
           0           0           0           0           0           0           0
           0           0           0           0           0           0           0
           0           0           0           0           0           0           0
           0           0           0           0           0           0           0
           0           0           0           0           0           0           0
           0           0           0           0           0           0           0
           0           0

           0           0           0           0           0           0           0
           0           0           0           0           0           0           0
           0           0           0           0           0           0           0
           0           0           0           0  0.00593576   0.0178073   0.0349125
   0.0711637    0.133457    0.214137    0.318147    0.457898     0.62788     0.83015
     1.06024     1.28493     1.48797      1.6624     1.78112     1.83905     1.85002
     1.80661     1.70917      1.5661     1.37131     1.14122    0.910596    0.695686
    0.504148    0.349183    0.228955    0.137309   0.0766996   0.0343897  0.00224514
           0           0           0           0           0           0           0
           0           0           0           0           0           0           0
           0           0           0           0           0           0           0
           0           0           0           0           0           0           0
           0           0           0           0           0           0           0
           0           0           0           0           0           0           0
           0           0

           0           0           0           0           0           0           0
           0           0           0           0           0           0           0
           0           0           0           0           0           0           0
           0           0           0           0  0.00224514  0.00673542   0.0153689
   0.0387406   0.0818581    0.136553    0.205639     0.30655    0.441586    0.607022
    0.788366    0.957177     1.10309     1.22056     1.29253     1.32501     1.32851
     1.29378     1.21603      1.0949    0.932854    0.751511    0.580454    0.430049
    0.303949    0.208609    0.133006   0.0748162   0.0404528    0.017297 -0.00183901
           0           0           0           0           0           0           0
           0           0           0           0           0           0           0
           0           0           0           0           0           0           0
           0           0           0           0           0           0           0
           0           0           0           0           0           0           0
           0           0           0           0           0           0           0
           0           0

           0           0           0           0           0           0           0
           0           0           0           0           0           0           0
           0           0           0           0           0           0           0
           0           0           0           0 -0.00183901 -0.00551702  -0.0126082
  -0.0313249  -0.0662095   -0.109458   -0.154829   -0.213486   -0.317267   -0.468216
   -0.620779   -0.746709   -0.831445   -0.876801   -0.899432   -0.905534   -0.889523
   -0.855421   -0.806633   -0.709206   -0.559932   -0.407369     -0.2796   -0.191186
   -0.138739  -0.0973917  -0.0564052  -0.0291674  -0.0178989 -0.00803006 0.000231369
           0           0           0           0           0           0           0
           0           0           0           0           0           0           0
           0           0           0           0           0           0           0
           0           0           0           0           0           0           0
           0           0           0           0           0           0           0
           0           0           0           0           0           0           0
           0           0

           0           0           0           0           0           0           0
           0           0           0           0           0           0           0
           0           0           0           0           0           0           0
           0           0           0           0 0.000231369 0.000694106 -0.00184398
  -0.0135043  -0.0369134  -0.0619808  -0.0736624  -0.0872525    -0.14439   -0.242258
   -0.334322   -0.398401   -0.422633   -0.412463   -0.392734   -0.374359   -0.352032
   -0.336223   -0.322312   -0.265679   -0.168441  -0.0763768  -0.0125287   0.0112403
  0.00360798 -0.00445999   0.0005741  0.00331451 -0.000812988 -0.00113411  0.00528594
           0           0           0           0           0           0           0
           0           0           0           0           0           0           0
           0           0           0           0           0           0           0
           0           0           0           0           0           0           0
           0           0           0           0           0           0           0
           0           0           0           0           0           0           0
           0           0

           0           0           0           0           0           0           0
           0           0           0           0           0           0           0
           0           0           0           0           0           0           0
           0           0           0           0  0.00528594   0.0158578   0.0249885
   0.0331267   0.0435085   0.0665634    0.125573    0.206741    0.261578     0.29592
      0.3492    0.426045    0.528209    0.647146     0.75235    0.826279    0.870092
    0.863382    0.818449    0.784866    0.754753    0.701473    0.619343    0.506606
    0.378539    0.265196    0.180886    0.114017   0.0617179   0.0254837   0.0101329
           0           0           0           0           0           0           0
           0           0           0           0           0           0           0
           0           0           0           0           0           0           0
           0           0           0           0           0           0           0
           0           0           0           0           0           0           0
           0           0           0           0           0           0           0
           0           0

           0           0           0           0           0           0           0
           0           0           0           0           0           0           0
           0           0           0           0           0           0           0
           0           0           0           0   0.0101329   0.0303988   0.0519142
    0.084418     0.13757    0.215739    0.338543    0.504679    0.674704    0.851554
     1.06115     1.28473     1.51245     1.73968     1.93359     2.07276     2.15325
     2.14783     2.06792       1.951     1.78684     1.57724     1.34353     1.09554
    0.846795    0.620385    0.428065    0.269405    0.152019   0.0657981  0.00947791
           0           0           0           0           0           0           0
           0           0           0           0           0           0           0
           0           0           0           0           0           0           0
           0           0           0           0           0           0           0
           0           0           0           0           0           0           0
           0           0           0           0           0           0           0
           0           0

           0           0           0           0           0           0           0
           0           0           0           0           0           0           0
           0           0           0           0           0           0           0
           0           0           0           0  0.00947791   0.0284337   0.0509434
   0.0909616    0.158058    0.249309    0.376596    0.547925    0.741259    0.958858
     1.21098      1.4669     1.71167     1.94049     2.12105     2.23754      2.2953
     2.27607     2.18407     2.04102     1.83675     1.58463     1.31923     1.05551
     0.80417    0.583598    0.400013    0.250997    0.142945   0.0636111  0.00586869
           0           0           0           0           0           0           0
           0           0           0           0           0           0           0
           0           0           0           0           0           0           0
           0           0           0           0           0           0           0
           0           0           0           0           0           0           0
           0           0           0           0           0           0           0
           0           0

           0           0           0           0           0           0           0
           0           0           0           0           0           0           0
           0           0           0           0           0           0           0
           0           0           0           0  0.00586869   0.0176061   0.0336487
   0.0674945    0.126472    0.203478    0.305117    0.446096    0.616727    0.816292
     1.04343     1.26613     1.47078     1.65101     1.77899     1.85112     1.87792
     1.84535       1.752     1.61122      1.4197     1.19256    0.963994    0.747599
    0.551334    0.389508    0.258398    0.154595   0.0855258   0.0378973  0.00365106
           0           0           0           0           0           0           0
           0           0           0           0           0           0           0
           0           0           0           0           0           0           0
           0           0           0           0           0           0           0
           0           0           0           0           0           0           0
           0           0           0           0           0           0           0
           0           0

           0           0           0           0           0           0           0
           0           0           0           0           0           0           0
           0           0           0           0           0           0           0
           0           0           0           0  0.00365106   0.0109532    0.022457
   0.0501631    0.100029    0.163922     0.24625    0.364314    0.514928    0.695215
     0.89674     1.08912     1.26084     1.40551     1.50071     1.54941     1.56275
     1.52877     1.44318      1.3125     1.13739    0.935866    0.739836    0.560812
     0.40464    0.281733    0.183165    0.105934   0.0575848   0.0251127 -0.000796828
           0           0           0           0           0           0           0
           0           0           0           0           0           0           0
           0           0           0           0           0           0           0
           0           0           0           0           0           0           0
           0           0           0           0           0           0           0
           0           0           0           0           0           0           0
           0           0

           0           0           0           0           0           0           0
           0           0           0           0           0           0           0
           0           0           0           0           0           0           0
           0           0           0           0 -0.000796828 -0.00239048 -0.00662575
  -0.0184747  -0.0405465  -0.0678135  -0.0921496   -0.119131   -0.182445    -0.28399
   -0.381764   -0.456786   -0.497437   -0.506296   -0.503494   -0.495434   -0.473735
   -0.446127   -0.418585   -0.355316   -0.253879   -0.156105   -0.080286  -0.0380422
  -0.0249474  -0.0159002 -0.00188859  0.00367908 0.000407622 -0.000152837  0.00238558
           0           0           0           0           0           0           0
           0           0           0           0           0           0           0
           0           0           0           0           0           0           0
           0           0           0           0           0           0           0
           0           0           0           0           0           0           0
           0           0           0           0           0           0           0
           0           0

           0           0           0           0           0           0           0
           0           0           0           0           0           0           0
           0           0           0           0           0           0           0
           0           0           0           0  0.00238558  0.00715675   0.0107212
   0.0143583   0.0198777   0.0299569   0.0578325     0.10428    0.131922    0.138954
    0.160679    0.199408    0.260299    0.339101     0.40854    0.459995    0.500041
    0.511832    0.491955    0.480002    0.476605    0.454881    0.413766    0.348104
    0.265737    0.192662    0.135686   0.0855618   0.0458949   0.0193243  0.00550261
           0           0           0           0           0           0           0
           0           0           0           0           0           0           0
           0           0           0           0           0           0           0
           0           0           0           0           0           0           0
           0           0           0           0           0           0           0
           0           0           0           0           0           0           0
           0           0

           0           0           0           0           0           0           0
           0           0           0           0           0           0           0
           0           0           0           0           0           0           0
           0           0           0           0  0.00550261   0.0165078   0.0282817
   0.0492231   0.0861292    0.137816    0.218028    0.337178    0.462427    0.589581
    0.741724    0.902172     1.06769     1.23463     1.37329     1.47494     1.53823
     1.53636      1.4701     1.37666     1.25706     1.10492    0.938965    0.762445
    0.583724    0.424131    0.285568    0.170595   0.0922496   0.0393572  0.00442681
           0           0           0           0           0           0           0
           0           0           0           0           0           0           0
           0           0           0           0           0           0           0
           0           0           0           0           0           0           0
           0           0           0           0           0           0           0
           0           0           0           0           0           0           0
           0           0

           0           0           0           0           0           0           0
           0           0           0           0           0           0           0
           0           0           0           0           0           0           0
           0           0           0           0  0.00442681   0.0132804   0.0256321
   0.0537663    0.104378    0.169833    0.256704    0.383323    0.539318    0.720641
    0.926054     1.12563     1.30921     1.47086     1.58508     1.65282     1.68237
     1.65623      1.5699     1.43858     1.26366     1.05824    0.854246    0.661811
    0.487805    0.345449    0.227097    0.132098   0.0713662   0.0310744  0.00238419
           0           0           0           0           0           0           0
           0           0           0           0           0           0           0
           0           0           0           0           0           0           0
           0           0           0           0           0           0           0
           0           0           0           0           0           0           0
           0           0           0           0           0           0           0
           0           0

           0           0           0           0           0           0           0
           0           0           0           0           0           0           0
           0           0           0           0           0           0           0
           0           0           0           0  0.00238419  0.00715257   0.0155894
   0.0382246   0.0801876    0.133289    0.201259    0.302839    0.437082    0.599245
    0.778249    0.945966     1.09306     1.21422     1.29133      1.3303     1.34098
     1.31141     1.23521     1.11623    0.957845    0.778841    0.608739    0.456879
    0.327278    0.227531    0.146597   0.0828159   0.0444151   0.0190365 -0.00282673
           0           0           0           0           0           0           0
           0           0           0           0           0           0           0
           0           0           0           0           0           0           0
           0           0           0           0           0           0           0
           0           0           0           0           0           0           0
           0           0           0           0           0           0           0
           0           0

           0           0           0           0           0           0           0
           0           0           0           0           0           0           0
           0           0           0           0           0           0           0
           0           0           0           0 -0.00282673 -0.00848018  -0.0171746
  -0.0364815   -0.071449   -0.119677   -0.182297   -0.260908   -0.376172    -0.53397
   -0.697751   -0.843946   -0.959147    -1.03938    -1.08985    -1.11139    -1.09706
    -1.04874   -0.981081    -0.87256   -0.716224   -0.552443   -0.403422   -0.282567
    -0.19364   -0.123864    -0.06735  -0.0334539   -0.019159 -0.00820494 -0.000825096
           0           0           0           0           0           0           0
           0           0           0           0           0           0           0
           0           0           0           0           0           0           0
           0           0           0           0           0           0           0
           0           0           0           0           0           0           0
           0           0           0           0           0           0           0
           0           0

           0           0           0           0           0           0           0
           0           0           0           0           0           0           0
           0           0           0           0           0           0           0
           0           0           0           0 -0.000825096 -0.00247529 -0.00540712
  -0.0106207  -0.0199947  -0.0374823  -0.0597485  -0.0761706   -0.108704   -0.163553
   -0.214693   -0.258576   -0.286498   -0.296024   -0.299185   -0.294562    -0.27105
   -0.238683   -0.216323   -0.180478     -0.1247  -0.0735591  -0.0288509 0.000720532
   0.0131791   0.0215532    0.026304   0.0202795   0.0101787   0.0042415  0.00177397
           0           0           0           0           0           0           0
           0           0           0           0           0           0           0
           0           0           0           0           0           0           0
           0           0           0           0           0           0           0
           0           0           0           0           0           0           0
           0           0           0           0           0           0           0
           0           0

           0           0           0           0           0           0           0
           0           0           0           0           0           0           0
           0           0           0           0           0           0           0
           0           0           0           0  0.00177397  0.00532192   0.0104755
   0.0257116   0.0552285   0.0905746    0.138142    0.220715    0.323491    0.437887
    0.568931    0.694319    0.811997    0.919467    0.996836       1.049     1.08141
     1.07409     1.01562    0.927038    0.816119    0.685076    0.557914    0.436688
    0.324065    0.231459     0.14978   0.0820247   0.0417792   0.0176712  0.00178545
           0           0           0           0           0           0           0
           0           0           0           0           0           0           0
           0           0           0           0           0           0           0
           0           0           0           0           0           0           0
           0           0           0           0           0           0           0
           0           0           0           0           0           0           0
           0           0

           0           0           0           0           0           0           0
           0           0           0           0           0           0           0
           0           0           0           0           0           0           0
           0           0           0           0  0.00178545  0.00535635   0.0118693
   0.0308658   0.0669946    0.111936    0.169846    0.261257    0.383051    0.528753
    0.689656    0.839519    0.971404     1.08109     1.15185     1.19068     1.20599
     1.18369     1.11503     1.00671     0.86426    0.703356    0.551708    0.416252
    0.300056    0.210298    0.135337   0.0750849   0.0394806   0.0167266  -0.0053648
           0           0           0           0           0           0           0
           0           0           0           0           0           0           0
           0           0           0           0           0           0           0
           0           0           0           0           0           0           0
           0           0           0           0           0           0           0
           0           0           0           0           0           0           0
           0           0

           0           0           0           0           0           0           0
           0           0           0           0           0           0           0
           0           0           0           0           0           0           0
           0           0           0           0  -0.0053648  -0.0160944  -0.0309161
  -0.0623097   -0.118173   -0.194541   -0.304199   -0.450123   -0.631385   -0.859156
    -1.10981    -1.35151    -1.57018    -1.75032    -1.87078    -1.92744    -1.92291
    -1.85189    -1.73353    -1.56868    -1.34443    -1.09377   -0.846705   -0.617312
   -0.422348   -0.270498    -0.15797  -0.0861303  -0.0474928  -0.0199328 -0.00383708
           0           0           0           0           0           0           0
           0           0           0           0           0           0           0
           0           0           0           0           0           0           0
           0           0           0           0           0           0           0
           0           0           0           0           0           0           0
           0           0           0           0           0           0           0
           0           0

           0           0           0           0           0           0           0
           0           0           0           0           0           0           0
           0           0           0           0           0           0           0
           0           0           0           0 -0.00383708  -0.0115112  -0.0211677
  -0.0385136  -0.0702603   -0.122957   -0.200211   -0.288055   -0.387336   -0.507046
   -0.638641   -0.774467   -0.904069    -1.01327    -1.08844    -1.12126     -1.1052
    -1.04647   -0.972206   -0.881217   -0.763307   -0.631712   -0.492048   -0.354772
   -0.235915   -0.143396  -0.0788275  -0.0421932  -0.0236686  -0.0100909 -0.000114575
           0           0           0           0           0           0           0
           0           0           0           0           0           0           0
           0           0           0           0           0           0           0
           0           0           0           0           0           0           0
           0           0           0           0           0           0           0
           0           0           0           0           0           0           0
           0           0

           0           0           0           0           0           0           0
           0           0           0           0           0           0           0
           0           0           0           0           0           0           0
           0           0           0           0 -0.000114575 -0.000343724   0.0015498
   0.0121162   0.0340442   0.0590598   0.0895229    0.146559    0.232771    0.340075
    0.454556    0.554362    0.635436    0.696777     0.73085    0.747981    0.756154
    0.743766    0.697922    0.617957    0.511926    0.397445    0.297754    0.216909
    0.153674    0.109035   0.0699761   0.0367875   0.0187126  0.00752081 0.000445781
           0           0           0           0           0           0           0
           0           0           0           0           0           0           0
           0           0           0           0           0           0           0
           0           0           0           0           0           0           0
           0           0           0           0           0           0           0
           0           0           0           0           0           0           0
           0           0

           0           0           0           0           0           0           0
           0           0           0           0           0           0           0
           0           0           0           0           0           0           0
           0           0           0           0 0.000445781  0.00133734  0.00504326
   0.0191601   0.0472452   0.0818129    0.124981    0.195562    0.298512    0.426984
    0.563643    0.685128    0.784954    0.860839    0.904289    0.924552    0.928805
    0.907026    0.850621    0.755764    0.628975    0.492316    0.370385    0.269668
    0.190077     0.13251    0.084162   0.0453411   0.0239522  0.00977586  -0.0156482
           0           0           0           0           0           0           0
           0           0           0           0           0           0           0
           0           0           0           0           0           0           0
           0           0           0           0           0           0           0
           0           0           0           0           0           0           0
           0           0           0           0           0           0           0
           0           0

